Start                               END 
(1, 1) -> (-3, -4)-> (3, -10)
(1, 1) -> (4, 4)
(1, 1) -> (0, 0)
(1, 1) -> (-2.5, 7) -> (-7, 7)
(1, 1) -> (-8, 1) -> (-13, 0)
(2, 2) -> (4, 4) 
(2, 2) -> (-3, 7) -> (-7, 7)
(2, 2) -> (3, -10)
(2, 2) -> (-8, 1) -> (-13, 0)
(2, 2) -> (-3, -6) -> (-3, -10)
(4, 4) -> (-3, 7) -> (-7, 7)
(4, 4) -> (2, 2) -> (3, -10)
(4, 4) -> (-13, 4) -> (-13, 0)
(4, 4) -> (2, 2) -> (-3, -6) -> (-3, -10)
(-7, 7) -> (-13, 0)
(-7, 7) -> (-3, 7) -> (0, 0) -> (3, -4) -> (3, -10)
(-7, 7) -> (-3, 7) -> (0, 0) -> (-3, -4) -> (-3, -10)
(3, -10) -> (2, -2) -> (-3, -4) ->(-3, -10)
(3, -10) -> (2, -2) -> (13, -2) -> (-13, 0)
(-3, -10) -> (-4, -2) ->(13, -2) ->(-13, 0)
